3.794850928773113807e+00 -1.093963473970860578e+00 1.760999999999999943e+01
3.838014949247524843e+00 -1.061753466258536616e+00 1.760999999999999943e+01
3.837910890972191069e+00 -1.061815163647594540e+00 1.760999999999999943e+01
4.702826008999077878e+00 8.191465770927099099e-02 1.771999999999999886e+01
2.864443152615218757e+00 1.224300134427585840e-01 1.825000000000000000e+01
2.894351842479692127e+00 6.277928762935673923e-01 1.783999999999999986e+01
1.767794344727837030e+00 -2.917512593782446984e-01 1.753000000000000114e+01
4.929781643611412356e+00 -4.160207869160324479e-01 1.771999999999999886e+01
6.204284506135981481e+00 7.710419818952455318e-01 1.807000000000000028e+01
9.290856592298459837e-01 -1.650777542670555653e-01 1.787999999999999901e+01
6.046986677629393014e+00 -6.257541329342362069e-01 1.810000000000000142e+01
5.927834526144288851e+00 -2.670341974578873678e-01 1.805000000000000071e+01
5.527889673403994841e+00 6.763049137179878434e-01 1.812999999999999901e+01
2.004083003596834445e+00 9.119323525054720547e-02 1.805999999999999872e+01
8.020405323136838016e-02 7.683455063203783464e-01 1.805999999999999872e+01
5.774251194618258864e+00 -9.911022908246509555e-01 1.800000000000000000e+01
4.540825369879040729e-01 -2.781614955838239700e-01 1.801000000000000156e+01
1.952187048514818724e+00 9.120722697920180533e-02 1.812000000000000099e+01
7.549197477996419936e-01 2.946340343645295068e-01 1.839999999999999858e+01
1.359945267036793748e+00 -7.857198905849769321e-01 1.798000000000000043e+01
5.881727398840141063e+00 1.006968099750288337e+00 1.778000000000000114e+01
4.575667559250845784e+00 -8.184754882214743121e-01 1.796000000000000085e+01
5.992059478335746370e+00 -2.489484510240964066e-01 1.803000000000000114e+01
2.903688051962240113e+00 7.596855171516000427e-01 1.789999999999999858e+01
2.903855938673647774e+00 7.595958217142805280e-01 1.785999999999999943e+01
2.703535431691464819e+00 3.467969708914264704e-01 1.846999999999999886e+01
5.644247545775341379e+00 -8.553684082229789931e-01 1.819999999999999929e+01
1.113834194287006030e+00 -1.335677728104323059e-01 1.785000000000000142e+01
5.963915949899558200e+00 7.737741445663941509e-01 1.796999999999999886e+01
4.736187155600870113e+00 4.363578141788161668e-02 1.805999999999999872e+01
5.195772352342762801e+00 1.547814025110715308e-01 1.829596301000000125e+01
1.317536406023825268e+00 -1.212343320054485585e-01 1.771999999999999886e+01
4.867860007669797540e+00 5.759262481535056821e-01 1.800000000000000000e+01
1.446252227549843505e+00 -6.417975146250308460e-02 1.776000000000000156e+01
5.064944347842214256e+00 -7.951411876610861018e-01 1.827005177999999930e+01
4.067557620832908505e+00 -7.203949753502446596e-01 1.812000000000000099e+01
4.517550864996957571e+00 -4.642872371415427968e-01 1.785000000000000142e+01
2.027503344700555488e+00 6.200221566387568300e-02 1.801999999999999957e+01
5.284852517467920840e+00 -6.300849541938254861e-01 1.828000000000000114e+01
8.723483505200877453e-01 -7.517095029689907504e-01 1.832999999999999829e+01
5.274065661869614452e+00 -1.155094978765210278e+00 1.800668285000000068e+01
4.430864281059899490e+00 -1.454964011807635682e-01 1.839999999999999858e+01
4.011844862805570955e+00 -1.347791196424297788e-01 1.801000000000000156e+01
2.418937249441814430e+00 9.195547943975539429e-01 1.796999999999999886e+01
3.889421761844034986e+00 3.333657362256290391e-01 1.792000000000000171e+01
7.934989345876548583e-01 -2.896084507622633253e-01 1.780000000000000071e+01
4.533407443050713859e+00 -6.108100276741882384e-01 1.798000000000000043e+01
3.350786690251136957e+00 1.701940124363517381e-01 1.780000000000000071e+01
4.615912036585751999e+00 3.244865918222644141e-01 1.828000000000000114e+01
3.483700014141968726e+00 -3.195906184646464809e-01 1.791000000000000014e+01
1.546287751609539685e+00 3.538859747142518164e-01 1.792999999999999972e+01
5.302702333085953512e+00 -4.718144252462360133e-01 1.823581370999999862e+01
5.801790359167714684e+00 -8.099612485314702792e-02 1.782999999999999829e+01
1.312560268646465911e+00 -1.004205437450460953e-01 1.783999999999999986e+01
9.741046529833222722e-01 -1.704033307509278117e-01 1.787999999999999901e+01
8.698791096579803206e-01 5.882105735607426333e-02 1.789000000000000057e+01
2.550350494256483636e+00 -7.989507759388781993e-01 1.778000000000000114e+01
2.513393183997417513e+00 -3.780522641297549002e-01 1.866000000000000014e+01
1.234513195057407309e+00 3.308824042732726456e-01 1.746000000000000085e+01
5.433030511940645901e+00 -5.470018810520580477e-01 1.835999999999999943e+01
3.063859565082234226e+00 4.661175686404981922e-01 1.803999999999999915e+01
