4.583142120558957977e+00 9.683989897952446912e-02 1.858153464000000099e+01
4.223581961705906163e-01 7.226615471251695011e-01 1.807046238999999943e+01
5.692051736123683980e+00 2.578189802107774820e-01 1.807046238999999943e+01
4.156831851735589112e+00 7.409186946653503192e-01 1.825000000000000000e+01
6.106226257964596726e+00 1.378871539817053682e+00 1.794999999999999929e+01
1.333042929149095279e+00 -1.003087883796039526e+00 1.828999999999999915e+01
1.381817798614455972e+00 8.028163990401104844e-01 1.823999999999999844e+01
4.004695056947593645e-02 1.032358432222838740e+00 1.812999999999999901e+01
4.934123607983786908e-01 5.162479336025799226e-01 1.832999999999999829e+01
7.528279997217699471e-01 -2.228735518987604025e-01 1.805000000000000071e+01
2.499003103721462615e+00 4.710387087732651468e-01 1.769999999999999929e+01
2.497680216870502345e+00 -1.952087112319327578e-01 1.905000000000000071e+01
1.489372041161406424e+00 9.334205553678177614e-01 1.826000000000000156e+01
2.885494674680491242e-02 5.065207773489023291e-01 1.828999999999999915e+01
1.630813509198617117e+00 -4.164693413431467817e-01 1.787000000000000099e+01
4.740293820792145674e+00 -6.286638586548760621e-01 1.812999999999999901e+01
2.579236805733499338e+00 -7.592668077965172291e-01 1.842999999999999972e+01
1.544924794966014314e+00 -1.047607175123904000e+00 1.860000000000000142e+01
4.517416351598841473e+00 8.663652479130362627e-02 1.805999999999999872e+01
9.921717704708089558e-01 -3.442150471125245137e-02 1.780999999999999872e+01
1.471158759563093055e+00 -1.404451085334282423e+00 1.851000000000000156e+01
6.049701588477195635e+00 -8.798898527681082993e-02 1.839999999999999858e+01
4.442506514670625961e+00 4.493203309195393236e-01 1.817999999999999972e+01
3.447943708574431998e+00 8.334852373896923794e-01 1.748000000000000043e+01
1.087606897568634601e+00 -9.315466486794564682e-01 1.850000000000000000e+01
4.582303991635535034e+00 -9.012353701159663277e-01 1.823999999999999844e+01
