2.822064951801219745e+00 -8.625461960140111684e-01 1.846999999999999886e+01
3.610827164609835105e+00 8.606788682473023311e-01 1.792331950999999890e+01
2.506646358664874619e+00 1.218769360483370257e+00 1.805000000000000071e+01
2.021580467782151835e+00 5.041123781215283151e-01 1.813635134000000093e+01
1.181500484421251551e+00 2.818476794841892064e-01 1.812000000000000099e+01
1.167617364697135951e+00 2.720827320040693498e-01 1.810999999999999943e+01
1.161989208730435097e+00 3.747297389521974664e-01 1.814999999999999858e+01
1.005379927739947332e+00 3.010083694337167826e-01 1.821000000000000085e+01
5.773459928367027594e+00 3.295935416076682389e-01 1.837000000000000099e+01
5.057131417515797978e+00 7.266609545617040977e-01 1.864999999999999858e+01
3.011748709354749476e+00 1.324426473766634749e-01 1.816000000000000014e+01
