1.194747747186568843e+00 9.795584027534985638e-02 0.000000000000000000e+00 2.292835446219942952e-03
1.660096611628193886e+00 9.297933946650398240e-02 0.000000000000000000e+00 0.000000000000000000e+00
2.306696762081487773e+00 6.475917678525953958e-02 1.580579447422458123e-02 1.580579447422457429e-02
3.205144757797332655e+00 9.072535538641429698e-02 1.459674563165157257e-02 3.562573048943509790e-02
4.453534199773074853e+00 7.416262528196161663e-02 1.861305087668779779e-02 4.473045425341684589e-02
6.188165704621364505e+00 5.380214357385587620e-02 1.389410907509389809e-02 4.925387780132504945e-02
8.598428365005759133e+00 3.637238181905558948e-02 9.022933556457373577e-03 3.196263840031509512e-02
1.194747747186568709e+01 4.756561980198586309e-02 1.422819390956525654e-02 3.523714326200737962e-02
1.660096611628193486e+01 2.537776212086552755e-02 1.121548137613949045e-02 3.286126838291747454e-02
2.306696762081487151e+01 3.205229574934786302e-02 1.631906904190315311e-02 2.005627677824079608e-02
3.205144757797332034e+01 1.809191416453275261e-02 6.404307723556743742e-03 8.220021718455372550e-03
4.453534199773074675e+01 1.099938900673040100e-02 1.596530713895328787e-03 1.444785368354774280e-03
6.188165704621363972e+01 9.465273881718418506e-03 2.669979535476868851e-03 4.605195903005005267e-03
8.598428365005759133e+01 1.258770294795298270e-02 5.340494138995099602e-03 2.220767412540379862e-02
