5.064944282101476958e+00 -7.951411197289930399e-01 1.827005177999999930e+01
5.274065706084621219e+00 -1.155094983652132257e+00 1.800668285000000068e+01
4.615912029895322455e+00 3.244865724685022101e-01 1.828000000000000114e+01
4.583142120558957977e+00 9.683989897952446912e-02 1.858153464000000099e+01
5.302702355775234189e+00 -4.718144349037244889e-01 1.823581370999999862e+01
4.223581961705906163e-01 7.226615471251695011e-01 1.807046238999999943e+01
5.692051736123683980e+00 2.578189802107774820e-01 1.807046238999999943e+01
5.774251238833267408e+00 -9.911023636048809093e-01 1.800000000000000000e+01
3.483700036249472110e+00 -3.195906524209967126e-01 1.791000000000000014e+01
4.156831851735589112e+00 7.409186946653503192e-01 1.825000000000000000e+01
6.106226257964596726e+00 1.378871539817053682e+00 1.794999999999999929e+01
2.934505738099083327e+00 6.250736291170611025e-01 1.782000000000000028e+01
6.185289978512559017e+00 8.108476673409932278e-01 1.844999999999999929e+01
2.822064951801219745e+00 -8.625461960140111684e-01 1.846999999999999886e+01
3.794850855760173225e+00 -1.093963503059681264e+00 1.760999999999999943e+01
3.838014949829300360e+00 -1.061753466258536616e+00 1.760999999999999943e+01
3.837910891844855676e+00 -1.061815163647594540e+00 1.760999999999999943e+01
1.767794344727836808e+00 -2.917512594364223277e-01 1.753000000000000114e+01
9.290856592880236686e-01 -1.650777542689947919e-01 1.787999999999999901e+01
5.527889680967089880e+00 6.763048895160891361e-01 1.812999999999999901e+01
2.004083003887722647e+00 9.119323525054720547e-02 1.805999999999999872e+01
1.113834200221125448e+00 -1.335678078159193427e-01 1.785000000000000142e+01
4.736189824500184997e+00 4.363495238842617086e-02 1.805999999999999872e+01
5.195772352051872822e+00 1.547814025130107574e-01 1.829596301000000125e+01
4.517550872850939037e+00 -4.642872516277755102e-01 1.785000000000000142e+01
3.889421703084616322e+00 3.333658429234239162e-01 1.792000000000000171e+01
1.546287751667717369e+00 3.538859746754666746e-01 1.792999999999999972e+01
8.698791023275973533e-01 5.882106221002884189e-02 1.789000000000000057e+01
5.433030505250215469e+00 -5.470019003864275975e-01 1.835999999999999943e+01
1.333042929149095279e+00 -1.003087883796039526e+00 1.828999999999999915e+01
1.381817798614455972e+00 8.028163990401104844e-01 1.823999999999999844e+01
4.004695056947593645e-02 1.032358432222838740e+00 1.812999999999999901e+01
4.934123607983786908e-01 5.162479336025799226e-01 1.832999999999999829e+01
1.203930954185722824e+00 2.881416809845943061e-01 1.781390873999999869e+01
9.459169019181458138e-01 1.025835690779549475e-02 1.812999999999999901e+01
1.901951390243640239e-01 -3.139254978982218836e-01 1.835999999999999943e+01
3.610827164609835105e+00 8.606788682473023311e-01 1.792331950999999890e+01
3.474794399202503214e+00 5.078685739267972954e-01 1.792999999999999972e+01
2.506646358664874619e+00 1.218769360483370257e+00 1.805000000000000071e+01
2.021580467782151835e+00 5.041123781215283151e-01 1.813635134000000093e+01
1.181500484421251551e+00 2.818476794841892064e-01 1.812000000000000099e+01
1.167617364697135951e+00 2.720827320040693498e-01 1.810999999999999943e+01
1.161989208730435097e+00 3.747297389521974664e-01 1.814999999999999858e+01
6.132125860505616366e+00 4.084786034660048415e-01 1.823999999999999844e+01
5.594856219036858036e+00 -2.938182237807383523e-01 1.869999999999999929e+01
1.333040172983318117e+00 9.220764485249037801e-01 1.817999999999999972e+01
3.367170568923834484e+00 4.806761260145693271e-01 1.787999999999999901e+01
7.528279997217699471e-01 -2.228735518987604025e-01 1.805000000000000071e+01
2.499003103721462615e+00 4.710387087732651468e-01 1.769999999999999929e+01
2.497680216870502345e+00 -1.952087112319327578e-01 1.905000000000000071e+01
8.005895092068067431e-02 5.402866782154640557e-01 1.835000000000000142e+01
5.444335650041648655e+00 -6.386975141177511084e-01 1.830000000000000071e+01
6.768673291397493408e-01 6.514352712165191739e-02 1.846999999999999886e+01
6.075317727731073703e+00 1.882253095251267550e-01 1.910999999999999943e+01
4.540825587463420687e-01 -2.781614907744722198e-01 1.801000000000000156e+01
2.703535431691463931e+00 3.467969902451886743e-01 1.846999999999999886e+01
5.963915943209129544e+00 7.737741348313352807e-01 1.796999999999999886e+01
9.741046747417599905e-01 -1.704033210488364591e-01 1.787999999999999901e+01
1.489372041161406424e+00 9.334205553678177614e-01 1.826000000000000156e+01
2.885494674680491242e-02 5.065207773489023291e-01 1.828999999999999915e+01
1.630813509198617117e+00 -4.164693413431467817e-01 1.787000000000000099e+01
4.740293820792145674e+00 -6.286638586548760621e-01 1.812999999999999901e+01
5.605453741899685483e+00 -1.190801918509341695e+00 1.882000000000000028e+01
1.966586946558704030e+00 -6.516948113725644642e-01 1.853999999999999915e+01
3.515786314662240120e+00 9.943226900002828383e-01 1.819000000000000128e+01
3.207810249060917052e+00 -1.799853095419792215e-01 1.857000000000000028e+01
2.259495519277713527e+00 -1.188025114213829142e-01 1.816000000000000014e+01
3.841986468358829399e+00 -2.829055186956860868e-01 1.810999999999999943e+01
1.005379927739947332e+00 3.010083694337167826e-01 1.821000000000000085e+01
5.773459928367027594e+00 3.295935416076682389e-01 1.837000000000000099e+01
1.308303236067925868e+00 -1.791280862317253808e-01 1.807999999999999829e+01
2.579236805733499338e+00 -7.592668077965172291e-01 1.842999999999999972e+01
1.544924794966014314e+00 -1.047607175123904000e+00 1.860000000000000142e+01
2.943291347398951707e+00 4.487308944460463578e-01 1.844999999999999929e+01
5.644247531521818573e+00 -8.553684276543113141e-01 1.819999999999999929e+01
5.992059464664000856e+00 -2.489484460983893421e-01 1.803000000000000114e+01
4.011844878222644795e+00 -1.347791244944450961e-01 1.801000000000000156e+01
1.234513216932200175e+00 3.308823993863507784e-01 1.746000000000000085e+01
3.063859564791346024e+00 4.661176075031628896e-01 1.803999999999999915e+01
4.533407436360284315e+00 -6.108100276160105535e-01 1.798000000000000043e+01
4.517416351598841473e+00 8.663652479130362627e-02 1.805999999999999872e+01
5.955787923065976486e+00 -5.803304362868499933e-01 1.828000000000000114e+01
9.921717704708089558e-01 -3.442150471125245137e-02 1.780999999999999872e+01
6.139547444089613393e+00 -2.244970959540600053e-02 1.821999999999999886e+01
1.471158759563093055e+00 -1.404451085334282423e+00 1.851000000000000156e+01
8.723483505200876342e-01 -7.517095127428347068e-01 1.832999999999999829e+01
5.284852495360414792e+00 -6.300849639094917576e-01 1.828000000000000114e+01
1.359945230617590095e+00 -7.857198518192749503e-01 1.798000000000000043e+01
2.894351842479690795e+00 6.277928763323524786e-01 1.783999999999999986e+01
4.702826008708187899e+00 8.191465770345324193e-02 1.771999999999999886e+01
5.057131417515797978e+00 7.266609545617040977e-01 1.864999999999999858e+01
6.049701588477195635e+00 -8.798898527681082993e-02 1.839999999999999858e+01
5.801790360040376626e+00 -8.099612970322310479e-02 1.805999999999999872e+01
4.442506514670625961e+00 4.493203309195393236e-01 1.817999999999999972e+01
4.929781650592729214e+00 -4.160208159660682692e-01 1.782000000000000028e+01
3.447943708574431998e+00 8.334852373896923794e-01 1.748000000000000043e+01
8.020405323136835241e-02 7.683455063591635437e-01 1.823999999999999844e+01
2.090456439686835477e+00 2.686315761188174389e-01 1.807000000000000028e+01
1.087606897568634601e+00 -9.315466486794564682e-01 1.850000000000000000e+01
4.582303991635535034e+00 -9.012353701159663277e-01 1.823999999999999844e+01
4.575667558959957582e+00 -8.184755124815510374e-01 1.787999999999999901e+01
6.246175891279254877e+00 -6.965039824966378079e-01 1.855000000000000071e+01
3.011748709354749476e+00 1.324426473766634749e-01 1.816000000000000014e+01
