5.064944282101476958e+00 -7.951411197289930399e-01 1.827005177999999930e+01
5.274065706084621219e+00 -1.155094983652132257e+00 1.800668285000000068e+01
4.615912029895322455e+00 3.244865724685022101e-01 1.828000000000000114e+01
5.302702355775234189e+00 -4.718144349037244889e-01 1.823581370999999862e+01
5.774251238833267408e+00 -9.911023636048809093e-01 1.800000000000000000e+01
3.483700036249472110e+00 -3.195906524209967126e-01 1.791000000000000014e+01
3.794850855760173225e+00 -1.093963503059681264e+00 1.760999999999999943e+01
3.838014949829300360e+00 -1.061753466258536616e+00 1.760999999999999943e+01
3.837910891844855676e+00 -1.061815163647594540e+00 1.760999999999999943e+01
1.767794344727836808e+00 -2.917512594364223277e-01 1.753000000000000114e+01
9.290856592880236686e-01 -1.650777542689947919e-01 1.787999999999999901e+01
5.527889680967089880e+00 6.763048895160891361e-01 1.812999999999999901e+01
2.004083003887722647e+00 9.119323525054720547e-02 1.805999999999999872e+01
1.113834200221125448e+00 -1.335678078159193427e-01 1.785000000000000142e+01
4.736189824500184997e+00 4.363495238842617086e-02 1.805999999999999872e+01
5.195772352051872822e+00 1.547814025130107574e-01 1.829596301000000125e+01
4.517550872850939037e+00 -4.642872516277755102e-01 1.785000000000000142e+01
3.889421703084616322e+00 3.333658429234239162e-01 1.792000000000000171e+01
1.546287751667717369e+00 3.538859746754666746e-01 1.792999999999999972e+01
8.698791023275973533e-01 5.882106221002884189e-02 1.789000000000000057e+01
5.433030505250215469e+00 -5.470019003864275975e-01 1.835999999999999943e+01
4.540825587463420687e-01 -2.781614907744722198e-01 1.801000000000000156e+01
2.703535431691463931e+00 3.467969902451886743e-01 1.846999999999999886e+01
5.963915943209129544e+00 7.737741348313352807e-01 1.796999999999999886e+01
9.741046747417599905e-01 -1.704033210488364591e-01 1.787999999999999901e+01
5.644247531521818573e+00 -8.553684276543113141e-01 1.819999999999999929e+01
5.992059464664000856e+00 -2.489484460983893421e-01 1.803000000000000114e+01
4.011844878222644795e+00 -1.347791244944450961e-01 1.801000000000000156e+01
1.234513216932200175e+00 3.308823993863507784e-01 1.746000000000000085e+01
3.063859564791346024e+00 4.661176075031628896e-01 1.803999999999999915e+01
4.533407436360284315e+00 -6.108100276160105535e-01 1.798000000000000043e+01
8.723483505200876342e-01 -7.517095127428347068e-01 1.832999999999999829e+01
5.284852495360414792e+00 -6.300849639094917576e-01 1.828000000000000114e+01
1.359945230617590095e+00 -7.857198518192749503e-01 1.798000000000000043e+01
2.894351842479690795e+00 6.277928763323524786e-01 1.783999999999999986e+01
4.702826008708187899e+00 8.191465770345324193e-02 1.771999999999999886e+01
5.801790360040376626e+00 -8.099612970322310479e-02 1.805999999999999872e+01
4.929781650592729214e+00 -4.160208159660682692e-01 1.782000000000000028e+01
8.020405323136835241e-02 7.683455063591635437e-01 1.823999999999999844e+01
4.575667558959957582e+00 -8.184755124815510374e-01 1.787999999999999901e+01
