2.934505738099083327e+00 6.250736291170611025e-01 1.782000000000000028e+01
6.185289978512559017e+00 8.108476673409932278e-01 1.844999999999999929e+01
1.203930954185722824e+00 2.881416809845943061e-01 1.781390873999999869e+01
9.459169019181458138e-01 1.025835690779549475e-02 1.812999999999999901e+01
1.901951390243640239e-01 -3.139254978982218836e-01 1.835999999999999943e+01
8.005895092068067431e-02 5.402866782154640557e-01 1.835000000000000142e+01
5.605453741899685483e+00 -1.190801918509341695e+00 1.882000000000000028e+01
1.966586946558704030e+00 -6.516948113725644642e-01 1.853999999999999915e+01
3.515786314662240120e+00 9.943226900002828383e-01 1.819000000000000128e+01
3.207810249060917052e+00 -1.799853095419792215e-01 1.857000000000000028e+01
2.259495519277713527e+00 -1.188025114213829142e-01 1.816000000000000014e+01
3.841986468358829399e+00 -2.829055186956860868e-01 1.810999999999999943e+01
2.943291347398951707e+00 4.487308944460463578e-01 1.844999999999999929e+01
5.955787923065976486e+00 -5.803304362868499933e-01 1.828000000000000114e+01
6.139547444089613393e+00 -2.244970959540600053e-02 1.821999999999999886e+01
2.090456439686835477e+00 2.686315761188174389e-01 1.807000000000000028e+01
