3.474794399202503214e+00 5.078685739267972954e-01 1.792999999999999972e+01
6.132125860505616366e+00 4.084786034660048415e-01 1.823999999999999844e+01
5.594856219036858036e+00 -2.938182237807383523e-01 1.869999999999999929e+01
1.333040172983318117e+00 9.220764485249037801e-01 1.817999999999999972e+01
3.367170568923834484e+00 4.806761260145693271e-01 1.787999999999999901e+01
5.444335650041648655e+00 -6.386975141177511084e-01 1.830000000000000071e+01
6.768673291397493408e-01 6.514352712165191739e-02 1.846999999999999886e+01
6.075317727731073703e+00 1.882253095251267550e-01 1.910999999999999943e+01
1.308303236067925868e+00 -1.791280862317253808e-01 1.807999999999999829e+01
6.246175891279254877e+00 -6.965039824966378079e-01 1.855000000000000071e+01
