4.583142135976034481e+00 9.683990868355510373e-02 1.858153464000000099e+01
4.223581524791817365e-01 7.226615810427345910e-01 1.807046238999999943e+01
5.692051736996347699e+00 2.578189850201292876e-01 1.834651949999999943e+01
4.156831843881607647e+00 7.409187479560699341e-01 1.825000000000000000e+01
6.106226266109468170e+00 1.378871549552112441e+00 1.794999999999999929e+01
2.030323323787551537e+00 4.891494474492800726e-01 1.826000000000000156e+01
1.333042892846247218e+00 -1.003087922503563822e+00 1.828999999999999915e+01
1.381817798672633657e+00 8.028163990595030830e-01 1.823999999999999844e+01
4.004695056947593645e-02 1.032358432203446252e+00 1.812999999999999901e+01
4.934122445012729674e-01 5.162477735946725543e-01 1.832999999999999829e+01
7.528279996635924842e-01 -2.228735421443091835e-01 1.805000000000000071e+01
2.499003103139687099e+00 4.710386989994214124e-01 1.769999999999999929e+01
2.497680209889186376e+00 -1.952087355307944583e-01 1.905000000000000071e+01
1.489372033947379048e+00 9.334205457103291748e-01 1.826000000000000156e+01
2.885494675262267883e-02 5.065207869869984281e-01 1.828999999999999915e+01
1.630813494712384015e+00 -4.164693559069497231e-01 1.787000000000000099e+01
4.740293850753631411e+00 -6.286638634836203554e-01 1.812999999999999901e+01
2.579236791189088773e+00 -7.592668175509684758e-01 1.842999999999999972e+01
1.544924765877193407e+00 -1.047607184858962537e+00 1.860000000000000142e+01
4.517416350726176866e+00 8.663652478742508989e-02 1.805999999999999872e+01
9.921717704708091778e-01 -3.442151440752606872e-02 1.780999999999999872e+01
1.471158883190581523e+00 -1.404451099956263160e+00 1.851000000000000156e+01
6.049701587895421007e+00 -8.798901437144945881e-02 1.839999999999999858e+01
4.442506506816644496e+00 4.493203453863796049e-01 1.819000000000000128e+01
3.447943694611797838e+00 8.334852470083957687e-01 1.733999999999999986e+01
1.087606890238251633e+00 -9.315466535857707120e-01 1.848000000000000043e+01
4.582304093446408544e+00 -9.012353265603053609e-01 1.823999999999999844e+01
2.682845848443376813e+00 -8.230400284410603895e-01 1.748999999999999844e+01
2.450558733875695339e+00 -1.052118555542748801e+00 1.837000000000000099e+01
2.265415887576206266e+00 1.134828899136520075e+00 1.812000000000000099e+01
1.415568430332308836e+00 3.033999213856725108e-01 1.785000000000000142e+01
5.239166648068023235e+00 3.963791714329401583e-01 1.848000000000000043e+01
7.092921069469141360e-01 -8.866323748750253309e-01 1.880999999999999872e+01
1.211685073839484872e+00 -1.926648115063954447e-01 1.785999999999999943e+01
7.774153473176781404e-01 -2.248856838933131486e-01 1.839000000000000057e+01
