2.934505723263785448e+00 6.250736145726507598e-01 1.782000000000000028e+01
6.185289984912099470e+00 8.108477012585583177e-01 1.844999999999999929e+01
1.203930954185723046e+00 2.881416809458092199e-01 1.780999999999999872e+01
9.459168509545317072e-01 1.025838114072252956e-02 1.812999999999999901e+01
1.901951390243640239e-01 -3.139254978788293959e-01 1.835999999999999943e+01
8.005894364265771224e-02 5.402866878341675561e-01 1.835000000000000142e+01
5.605453742481461887e+00 -1.190801918567519380e+00 1.882000000000000028e+01
1.966586946849592454e+00 -6.516948211076231123e-01 1.853999999999999915e+01
3.515786300699606404e+00 9.943226850939683725e-01 1.819000000000000128e+01
3.207810248188252444e+00 -1.799853095225866506e-01 1.857000000000000028e+01
2.259495519568602173e+00 -1.188025211254135627e-01 1.816000000000000014e+01
3.841986468649717157e+00 -2.829055186569010005e-01 1.810999999999999943e+01
2.943291340708522608e+00 4.487308895785169782e-01 1.844999999999999929e+01
5.955787923647752002e+00 -5.803304313611429288e-01 1.828000000000000114e+01
6.139547444671390686e+00 -2.244969505487408659e-02 1.821999999999999886e+01
2.090456438814170426e+00 2.686315566487000317e-01 1.807000000000000028e+01
8.330764134049598035e-02 -1.739194807485729410e-01 1.780000000000000071e+01
6.109199579352567078e+00 -1.048335137429892816e+00 1.871000000000000085e+01
3.116750225192863155e+00 -6.554188252456814023e-01 1.864999999999999858e+01
2.654522957755948820e+00 2.088671925175140109e-01 1.828000000000000114e+01
3.210249389451145685e+00 9.165949947152530752e-01 1.750000000000000000e+01
3.941868570763248147e+00 6.601849461069510261e-02 1.844000000000000128e+01
2.735766805724491491e+00 -9.157642907715337621e-01 1.875000000000000000e+01
3.971567093315183428e+00 -2.873322070125780558e-01 1.851000000000000156e+01
3.971575783309529317e+00 -2.858746389210062855e-01 1.882999999999999829e+01
3.055802819822408978e+00 1.173890822179019189e+00 1.841000000000000014e+01
6.254085308642706842e+00 1.046239646609795404e+00 1.812999999999999901e+01
2.066260452446912144e+00 5.341592586764956074e-01 1.846000000000000085e+01
