5.784366636015956686e+00 8.828800381090876059e-02 1.823999999999999844e+01
3.367170649208980571e+00 4.806761114701588178e-01 1.787999999999999901e+01
6.768673291397493408e-01 6.514352227545434915e-02 1.846999999999999886e+01
6.075317741693710083e+00 1.882253094669490423e-01 1.910999999999999943e+01
6.246175884879715312e+00 -6.965039775903234531e-01 1.855000000000000071e+01
4.774237762792665762e+00 -5.723444447162535642e-01 1.903999999999999915e+01
2.299590837574974067e+00 -1.378685899752242427e+00 1.951999999999999957e+01
5.547024023426227579e+00 5.851084932415557827e-01 1.921999999999999886e+01
4.321843816497169755e+00 6.692867800366373299e-01 1.869000000000000128e+01
2.104280713599002706e+00 4.074596627953980255e-02 1.855999999999999872e+01
2.652483774399113425e+00 1.744894118722526977e-01 1.953000000000000114e+01
1.807244725178353217e+00 -2.101136977681091755e-01 1.796999999999999886e+01
