4.583142135976034481e+00 9.683990868355510373e-02 1.858153464000000099e+01
4.223581524791817365e-01 7.226615810427345910e-01 1.807046238999999943e+01
5.692051736996347699e+00 2.578189850201292876e-01 1.834651949999999943e+01
4.156831843881607647e+00 7.409187479560699341e-01 1.825000000000000000e+01
6.106226266109468170e+00 1.378871549552112441e+00 1.794999999999999929e+01
2.934505723263785448e+00 6.250736145726507598e-01 1.782000000000000028e+01
6.185289984912099470e+00 8.108477012585583177e-01 1.844999999999999929e+01
2.822064952673884797e+00 -8.625461960721888532e-01 1.846999999999999886e+01
2.030323323787551537e+00 4.891494474492800726e-01 1.826000000000000156e+01
3.390470962274712896e+00 3.845185004415482832e-01 1.794999999999999929e+01
1.333042892846247218e+00 -1.003087922503563822e+00 1.828999999999999915e+01
1.381817798672633657e+00 8.028163990595030830e-01 1.823999999999999844e+01
4.004695056947593645e-02 1.032358432203446252e+00 1.812999999999999901e+01
4.934122445012729674e-01 5.162477735946725543e-01 1.832999999999999829e+01
1.203930954185723046e+00 2.881416809458092199e-01 1.780999999999999872e+01
9.459168509545317072e-01 1.025838114072252956e-02 1.812999999999999901e+01
1.901951390243640239e-01 -3.139254978788293959e-01 1.835999999999999943e+01
3.610827164900722863e+00 8.606788683054800160e-01 1.792331950999999890e+01
3.474794400075168266e+00 5.078685738686197215e-01 1.792999999999999972e+01
2.506646191404154678e+00 1.218769360560940873e+00 1.805000000000000071e+01
2.021580519269364995e+00 5.041123247726306822e-01 1.819999999999999929e+01
1.181500491751634518e+00 2.818476503371906694e-01 1.812000000000000099e+01
1.167617357483108353e+00 2.720827223659733063e-01 1.810999999999999943e+01
1.161989179583436504e+00 3.747296953189661051e-01 1.814999999999999858e+01
5.784366636015956686e+00 8.828800381090876059e-02 1.823999999999999844e+01
5.594856241144364084e+00 -2.938182189519940590e-01 1.869999999999999929e+01
1.333040158438907996e+00 9.220764436573745115e-01 1.817999999999999972e+01
3.367170649208980571e+00 4.806761114701588178e-01 1.787999999999999901e+01
7.528279996635924842e-01 -2.228735421443091835e-01 1.805000000000000071e+01
2.499003103139687099e+00 4.710386989994214124e-01 1.769999999999999929e+01
2.497680209889186376e+00 -1.952087355307944583e-01 1.905000000000000071e+01
8.005894364265771224e-02 5.402866878341675561e-01 1.835000000000000142e+01
5.444336842101527019e+00 -6.386972717884806805e-01 1.830000000000000071e+01
6.768673291397493408e-01 6.514352227545434915e-02 1.846999999999999886e+01
6.075317741693710083e+00 1.882253094669490423e-01 1.910999999999999943e+01
1.489372033947379048e+00 9.334205457103291748e-01 1.826000000000000156e+01
2.885494675262267883e-02 5.065207869869984281e-01 1.828999999999999915e+01
1.630813494712384015e+00 -4.164693559069497231e-01 1.787000000000000099e+01
4.740293850753631411e+00 -6.286638634836203554e-01 1.812999999999999901e+01
5.605453742481461887e+00 -1.190801918567519380e+00 1.882000000000000028e+01
1.966586946849592454e+00 -6.516948211076231123e-01 1.853999999999999915e+01
3.515786300699606404e+00 9.943226850939683725e-01 1.819000000000000128e+01
3.207810248188252444e+00 -1.799853095225866506e-01 1.857000000000000028e+01
2.259495519568602173e+00 -1.188025211254135627e-01 1.816000000000000014e+01
3.841986468649717157e+00 -2.829055186569010005e-01 1.810999999999999943e+01
1.005379942284357897e+00 3.010083548311287549e-01 1.821000000000000085e+01
5.773459914695282080e+00 3.295935465139828158e-01 1.837000000000000099e+01
1.308302690652535016e+00 -1.791285516528592081e-01 1.807999999999999829e+01
2.579236791189088773e+00 -7.592668175509684758e-01 1.842999999999999972e+01
1.544924765877193407e+00 -1.047607184858962537e+00 1.860000000000000142e+01
2.943291340708522608e+00 4.487308895785169782e-01 1.844999999999999929e+01
4.517416350726176866e+00 8.663652478742508989e-02 1.805999999999999872e+01
5.955787923647752002e+00 -5.803304313611429288e-01 1.828000000000000114e+01
9.921717704708091778e-01 -3.442151440752606872e-02 1.780999999999999872e+01
6.139547444671390686e+00 -2.244969505487408659e-02 1.821999999999999886e+01
1.471158883190581523e+00 -1.404451099956263160e+00 1.851000000000000156e+01
5.057131425078893017e+00 7.266609593904485020e-01 1.864999999999999858e+01
6.049701587895421007e+00 -8.798901437144945881e-02 1.839999999999999858e+01
4.442506506816644496e+00 4.493203453863796049e-01 1.819000000000000128e+01
3.447943694611797838e+00 8.334852470083957687e-01 1.733999999999999986e+01
2.090456438814170426e+00 2.686315566487000317e-01 1.807000000000000028e+01
1.087606890238251633e+00 -9.315466535857707120e-01 1.848000000000000043e+01
4.582304093446408544e+00 -9.012353265603053609e-01 1.823999999999999844e+01
2.682845848443376813e+00 -8.230400284410603895e-01 1.748999999999999844e+01
6.246175884879715312e+00 -6.965039775903234531e-01 1.855000000000000071e+01
3.011748716336067222e+00 1.324426376862076205e-01 1.816000000000000014e+01
2.450558733875695339e+00 -1.052118555542748801e+00 1.837000000000000099e+01
8.330764134049598035e-02 -1.739194807485729410e-01 1.780000000000000071e+01
6.109199579352567078e+00 -1.048335137429892816e+00 1.871000000000000085e+01
3.116750225192863155e+00 -6.554188252456814023e-01 1.864999999999999858e+01
2.265415887576206266e+00 1.134828899136520075e+00 1.812000000000000099e+01
1.415568430332308836e+00 3.033999213856725108e-01 1.785000000000000142e+01
5.239166648068023235e+00 3.963791714329401583e-01 1.848000000000000043e+01
2.654522957755948820e+00 2.088671925175140109e-01 1.828000000000000114e+01
3.835376332559091495e+00 1.122101163058970341e+00 1.800000000000000000e+01
1.104328948095606444e+00 2.661240131398941444e-01 1.814000000000000057e+01
3.210249389451145685e+00 9.165949947152530752e-01 1.750000000000000000e+01
7.092921069469141360e-01 -8.866323748750253309e-01 1.880999999999999872e+01
1.188551541819079072e+00 3.098088964117676203e-01 1.807999999999999829e+01
2.887931256127148849e+00 -6.057118190018845327e-01 1.905000000000000071e+01
4.774237762792665762e+00 -5.723444447162535642e-01 1.903999999999999915e+01
2.299590837574974067e+00 -1.378685899752242427e+00 1.951999999999999957e+01
5.547024023426227579e+00 5.851084932415557827e-01 1.921999999999999886e+01
3.941868570763248147e+00 6.601849461069510261e-02 1.844000000000000128e+01
6.194426647410609554e+00 -1.207693703411445219e+00 1.880000000000000071e+01
1.211685073839484872e+00 -1.926648115063954447e-01 1.785999999999999943e+01
2.735766805724491491e+00 -9.157642907715337621e-01 1.875000000000000000e+01
5.196008603600970943e+00 8.391693384505174436e-01 1.864999999999999858e+01
4.321843816497169755e+00 6.692867800366373299e-01 1.869000000000000128e+01
7.774153473176781404e-01 -2.248856838933131486e-01 1.839000000000000057e+01
3.971567093315183428e+00 -2.873322070125780558e-01 1.851000000000000156e+01
3.971575783309529317e+00 -2.858746389210062855e-01 1.882999999999999829e+01
3.055802819822408978e+00 1.173890822179019189e+00 1.841000000000000014e+01
6.254085308642706842e+00 1.046239646609795404e+00 1.812999999999999901e+01
2.066260452446912144e+00 5.341592586764956074e-01 1.846000000000000085e+01
5.120147403405455933e+00 5.794818863127436659e-01 1.885000000000000142e+01
5.350300880887844279e+00 1.649356941699738899e-01 1.796000000000000085e+01
8.221655821829626509e-01 4.595616756376945111e-01 1.771000000000000085e+01
1.525362642985679529e-01 7.647103879613996458e-02 1.837999999999999901e+01
6.177686335852739852e+00 7.775655131775916808e-03 1.792000000000000171e+01
1.176569638337981338e+00 3.993788106988788167e-01 1.826000000000000156e+01
3.287970806941996393e+00 -1.770841359734590670e-01 1.753999999999999915e+01
2.104280713599002706e+00 4.074596627953980255e-02 1.855999999999999872e+01
5.840316186353570416e+00 -1.051728941505035930e+00 1.878999999999999915e+01
2.652483774399113425e+00 1.744894118722526977e-01 1.953000000000000114e+01
1.807244725178353217e+00 -2.101136977681091755e-01 1.796999999999999886e+01
1.960138023331314594e+00 -7.557526183950948884e-01 1.887000000000000099e+01
