3.390470962274712896e+00 3.845185004415482832e-01 1.794999999999999929e+01
3.474794400075168266e+00 5.078685738686197215e-01 1.792999999999999972e+01
5.594856241144364084e+00 -2.938182189519940590e-01 1.869999999999999929e+01
1.333040158438907996e+00 9.220764436573745115e-01 1.817999999999999972e+01
5.444336842101527019e+00 -6.386972717884806805e-01 1.830000000000000071e+01
1.308302690652535016e+00 -1.791285516528592081e-01 1.807999999999999829e+01
2.887931256127148849e+00 -6.057118190018845327e-01 1.905000000000000071e+01
5.350300880887844279e+00 1.649356941699738899e-01 1.796000000000000085e+01
6.177686335852739852e+00 7.775655131775916808e-03 1.792000000000000171e+01
1.176569638337981338e+00 3.993788106988788167e-01 1.826000000000000156e+01
3.287970806941996393e+00 -1.770841359734590670e-01 1.753999999999999915e+01
5.840316186353570416e+00 -1.051728941505035930e+00 1.878999999999999915e+01
1.960138023331314594e+00 -7.557526183950948884e-01 1.887000000000000099e+01
