2.822064952673884797e+00 -8.625461960721888532e-01 1.846999999999999886e+01
3.610827164900722863e+00 8.606788683054800160e-01 1.792331950999999890e+01
2.506646191404154678e+00 1.218769360560940873e+00 1.805000000000000071e+01
2.021580519269364995e+00 5.041123247726306822e-01 1.819999999999999929e+01
1.181500491751634518e+00 2.818476503371906694e-01 1.812000000000000099e+01
1.167617357483108353e+00 2.720827223659733063e-01 1.810999999999999943e+01
1.161989179583436504e+00 3.747296953189661051e-01 1.814999999999999858e+01
1.005379942284357897e+00 3.010083548311287549e-01 1.821000000000000085e+01
5.773459914695282080e+00 3.295935465139828158e-01 1.837000000000000099e+01
5.057131425078893017e+00 7.266609593904485020e-01 1.864999999999999858e+01
3.011748716336067222e+00 1.324426376862076205e-01 1.816000000000000014e+01
3.835376332559091495e+00 1.122101163058970341e+00 1.800000000000000000e+01
1.104328948095606444e+00 2.661240131398941444e-01 1.814000000000000057e+01
1.188551541819079072e+00 3.098088964117676203e-01 1.807999999999999829e+01
6.194426647410609554e+00 -1.207693703411445219e+00 1.880000000000000071e+01
5.196008603600970943e+00 8.391693384505174436e-01 1.864999999999999858e+01
5.120147403405455933e+00 5.794818863127436659e-01 1.885000000000000142e+01
8.221655821829626509e-01 4.595616756376945111e-01 1.771000000000000085e+01
1.525362642985679529e-01 7.647103879613996458e-02 1.837999999999999901e+01
