3.599486689535312145e+00 3.797399852613760896e-01 1.807000000000000028e+01
1.419731161019428312e+00 -9.980278849372752337e-01 1.821999999999999886e+01
3.951902822865990927e+00 8.540630552510602991e-01 1.828000000000000114e+01
1.700738032483442908e+00 -1.242992403625117426e+00 1.780000000000000071e+01
5.619167755219163674e+00 -9.348048674993705287e-01 1.871000000000000085e+01
5.071485093081138373e+00 4.179067927613732691e-01 1.864999999999999858e+01
2.324370820121548054e+00 8.452732625951027146e-01 1.841000000000000014e+01
2.019523884484411891e+00 -3.681562221085893372e-02 1.812999999999999901e+01
3.319000048846705297e+00 4.525098315521148828e-01 1.846000000000000085e+01
6.015699796223196394e+00 6.095809221357948449e-01 1.851000000000000156e+01
6.016807098021959455e+00 6.107215425750175397e-01 1.882999999999999829e+01
3.227309738566265906e+00 -7.255113730337859890e-01 1.812999999999999901e+01
1.943079540280019168e+00 -1.408150391609582774e+00 1.835999999999999943e+01
4.918804647933691321e+00 7.646728012939135732e-02 1.875000000000000000e+01
3.856377696997044524e-02 8.865913232520176157e-01 1.885999999999999943e+01
2.360680296637501119e+00 1.112620707080994364e+00 1.750000000000000000e+01
1.918168824763204938e+00 -2.537063441633041205e-01 1.844999999999999929e+01
2.000531773948453829e+00 -5.477037782066008775e-01 1.835000000000000142e+01
5.670512108101937621e+00 -6.791022250769889190e-01 1.882000000000000028e+01
1.984460855288007641e+00 1.039141785476757729e+00 1.818799999999999883e+01
4.371255912807182398e+00 -1.565551774174636646e-01 1.853599999999999781e+01
5.035264342370036950e+00 8.995484342805327715e-01 1.857000000000000028e+01
3.217222299586356193e+00 1.174173296737259342e+00 1.782000000000000028e+01
5.891150962523645340e+00 6.845683079999088649e-01 1.810999999999999943e+01
4.050495892623278138e+00 3.486695697900935031e-01 1.816300000000000026e+01
3.158555706581396283e+00 -3.533994498760615333e-01 1.828999999999999915e+01
3.685469422858573818e+00 1.191978848464332330e+00 1.844999999999999929e+01
2.183114909363605693e-01 -1.083960440180023577e+00 1.828000000000000114e+01
