1.428267572535030672e+00 1.880135333112297746e-01 1.864999999999999858e+01
2.009055136646346273e+00 -1.016476246902596747e+00 1.837999999999999901e+01
1.280431383598324091e+00 2.250103322500617564e-01 1.864999999999999858e+01
4.444173360083311763e+00 1.092152842748117303e+00 1.816000000000000014e+01
5.447209030290166787e+00 -8.139113830871179678e-01 1.880000000000000071e+01
3.336885073102870969e+00 4.062163280021126588e-01 1.819999999999999929e+01
1.169822926269058483e+00 1.141876834218411019e-01 1.885000000000000142e+01
2.748529685994260507e+00 -4.747284825866251445e-01 1.771000000000000085e+01
1.757469291434113012e+00 1.140091941947845466e+00 1.792331950999999890e+01
3.111141427718769226e+00 -4.414465491126053354e-01 1.814000000000000057e+01
1.841602545352657883e+00 8.559112339607706232e-01 1.800000000000000000e+01
2.487946181427659109e+00 6.794642221429200157e-01 1.805099999999999838e+01
4.939750032271097879e+00 1.496161475944120245e-01 1.846900000000000119e+01
3.149559557116796249e+00 -3.741909457128540506e-01 1.812000000000000099e+01
3.148772477293714456e+00 -3.907181697848451929e-01 1.810999999999999943e+01
3.060826552285726088e+00 -3.291276825439102827e-01 1.814999999999999858e+01
3.010388435467994839e+00 -4.875958796749024771e-01 1.820599999999999952e+01
1.339598284787917537e+00 -4.978884278831874899e-01 1.837000000000000099e+01
