4.431123225085183748e+00 3.854204795409237327e-01 1.866000000000000014e+01
3.965916739812934910e+00 -1.551646832581016211e-01 1.782000000000000028e+01
3.499148000513726764e+00 -1.013579052250701773e+00 1.780000000000000071e+01
5.236883158148658346e+00 1.267171867515187511e+00 1.780000000000000071e+01
3.418133771457738668e+00 -8.386533479448672335e-01 1.787999999999999901e+01
2.726996750008373049e-01 -5.130823473444287020e-01 1.823581370999999862e+01
3.729807731788307823e+00 2.272313406335067509e-01 1.805999999999999872e+01
5.510600852008116668e+00 -1.186223619482893420e-02 1.765399999999999991e+01
5.510529510135832254e+00 -1.189813939060265120e-02 1.760299999999999798e+01
4.751538496914991860e+00 9.882237182532399578e-02 1.778000000000000114e+01
8.332921888563079582e-01 -1.554946647833124196e-01 1.829596301000000125e+01
3.602890992485061616e+00 -4.794640374240597414e-01 1.771999999999999886e+01
3.579521291843219100e+00 -4.743061479356626142e-01 1.783999999999999986e+01
1.075924997571224839e+00 3.044552820073628818e-01 1.800000000000000000e+01
1.973477373119406630e-01 -1.794990883637225809e-01 1.771999999999999886e+01
2.036396329451541476e+00 -3.219599684987396460e-01 1.805999999999999872e+01
5.986547857166196529e+00 -1.182915578275791774e-01 1.796000000000000085e+01
9.754750427353646725e-01 -7.923640771278240846e-01 1.782999999999999829e+01
5.867668333328524000e+00 -8.385410106031320199e-01 1.800000000000000000e+01
1.436750502917183425e+00 -1.015450708727253931e-01 1.812999999999999901e+01
3.503796750216806366e+00 -6.640596850755081659e-01 1.785000000000000142e+01
6.253155031603177427e+00 1.200663197871632004e-01 1.785000000000000142e+01
5.479284246335767605e+00 -3.363509411866368731e-02 1.760000000000000142e+01
3.021176715463407270e+00 -1.281764997195860900e+00 1.800600000000000023e+01
3.777870290587722835e+00 9.526011289292709572e-01 1.847500000000000142e+01
1.755918468090290396e+00 -2.281034429370643324e-01 1.797200000000000131e+01
5.217384940428778650e-01 1.983943016567341622e-01 1.805999999999999872e+01
4.029240804375860407e-01 1.070868658796049644e+00 1.791499999999999915e+01
5.442967179360238994e+00 7.695612901077452106e-01 1.791000000000000014e+01
3.289213415769349336e+00 -4.769078625199270338e-02 1.793400000000000105e+01
3.457274547720734059e+00 -8.027783539668157387e-01 1.787999999999999901e+01
3.110582958800854669e+00 -7.517508738020052261e-01 1.789000000000000057e+01
2.208646918879922649e-01 -6.423247078297522616e-01 1.835599999999999810e+01
8.902599644887257413e-02 -1.151168273328141867e+00 1.810000000000000142e+01
3.706111768232550396e+00 1.810519758359175890e-01 1.812000000000000099e+01
1.827132301724625485e+00 -6.582882387126562330e-05 1.778000000000000114e+01
3.611691475615914637e+00 -3.394239461300920246e-01 1.776000000000000156e+01
5.806271673650457821e+00 2.116930352774149260e-01 1.812000000000000099e+01
3.767398603265332380e+00 2.348748698861955753e-01 1.801999999999999957e+01
1.927650029528026610e-01 3.689824953374855054e-01 1.839999999999999858e+01
2.878667729105498729e+00 7.446882549826706610e-01 1.796999999999999886e+01
4.259552776353087822e+00 9.794740999092248490e-01 1.819999999999999929e+01
1.919703313348232854e+00 -2.956659736948210049e-01 1.807000000000000028e+01
8.215201384987298461e-01 -9.944818063172332634e-01 1.805000000000000071e+01
2.940927052811854292e+00 1.100804172397723768e+00 1.789999999999999858e+01
2.940971287686183100e+00 1.100954048075054592e+00 1.785999999999999943e+01
3.504081415496683505e+00 -6.637537286528881753e-01 1.778900000000000148e+01
9.076420607139987773e-01 -1.040741383455506153e+00 1.803000000000000114e+01
6.094219830556667716e+00 -8.089533614309006859e-01 1.819999999999999929e+01
6.179820375819486955e+00 6.984580294456467220e-01 1.801000000000000156e+01
6.140760092836755391e+00 2.468843948268342400e-02 1.798000000000000043e+01
3.141860814852643902e+00 -3.041500588593840648e-01 1.746000000000000085e+01
3.674649082114463283e+00 1.301472535257899965e+00 1.803999999999999915e+01
5.412039879465105896e-01 2.454394756560240587e-01 1.771999999999999886e+01
3.230925795950012613e+00 1.141996398393693379e+00 1.783999999999999986e+01
4.372603352207264038e+00 -6.283545165047096370e-01 1.798000000000000043e+01
9.133619030615708345e-02 -5.397371612652912543e-01 1.828000000000000114e+01
4.376346284230507422e+00 -9.787259500591793948e-01 1.832999999999999829e+01
6.149838515638529124e+00 -4.171677767420989280e-01 1.827005177999999930e+01
5.755526063708169104e+00 -5.657740357034171108e-01 1.800668285000000068e+01
7.372304690798796578e-01 4.240583010854191981e-01 1.828000000000000114e+01
