3.050399154573467442e+00 -3.028286066465423199e-01 1.826000000000000156e+01
1.509032487743443562e+00 -9.943648204688655401e-01 1.792000000000000171e+01
5.160800823023070194e+00 9.158423967452498093e-01 1.753999999999999915e+01
9.443225962027212983e-01 1.468906649478784354e+00 1.792999999999999972e+01
2.721899192101558285e+00 1.239019304873330840e-01 1.817999999999999972e+01
6.235985140276270045e+00 -1.467881546420491956e+00 1.860000000000000142e+01
9.219524918709761652e-01 -2.815747435579190050e-01 1.796000000000000085e+01
5.537144620452825627e+00 1.479106495543077493e+00 1.794999999999999929e+01
1.090680896248525794e-01 -6.676027641283699410e-01 1.830000000000000071e+01
1.720149299397487175e+00 -6.171752552255583835e-01 1.823700000000000188e+01
3.657351350100428888e+00 -5.132625256826949256e-01 1.807000000000000028e+01
5.868670865276230941e-01 -7.115526030825185533e-01 1.869800000000000040e+01
5.763449085434831254e+00 -8.371142438178894585e-01 1.878999999999999915e+01
4.463434014389606297e+00 -2.079026006644950353e-01 1.887000000000000099e+01
