4.691612428350977027e+00 -1.017939275391281484e+00 1.880999999999999872e+01
1.064006211573415017e+00 -6.845649782468965494e-02 1.848000000000000043e+01
3.355033988772597286e+00 4.085164538678890955e-01 1.826000000000000156e+01
2.051251886899790211e+00 -5.720935856874909131e-02 1.812999999999999901e+01
2.419766880862297409e+00 -5.481276381341871895e-01 1.832999999999999829e+01
2.303850290937414780e+00 -3.606924442392359653e-01 1.807046238999999943e+01
1.219276350646324225e+00 -4.933928925791624120e-01 1.834651949999999943e+01
5.105323663463284589e+00 -5.196948141135055987e-01 1.851000000000000156e+01
2.837704232908930813e+00 7.969924674681599930e-02 1.823999999999999844e+01
4.879722096958943212e+00 -1.274845651091068288e-01 1.837000000000000099e+01
3.378654310255598148e+00 -9.972114173074569932e-01 1.839000000000000057e+01
3.623617416078931619e+00 -6.048174337069252005e-01 1.785999999999999943e+01
1.216717548765292367e+00 -9.886348608310197017e-01 1.839999999999999858e+01
8.119935405430891429e-01 6.167529967444316252e-01 1.819000000000000128e+01
1.991115953007950301e+00 1.205136165302069573e+00 1.733999999999999986e+01
4.839089521633826330e+00 1.354412074958911139e-01 1.748999999999999844e+01
4.586407979311957206e+00 -7.910470289956660350e-01 1.848000000000000043e+01
5.918481323135976524e+00 -1.665528543228137481e-01 1.823999999999999844e+01
3.352319133267338991e+00 -1.016724629689780279e+00 1.805000000000000071e+01
3.511788382468629788e+00 8.039740982681781167e-01 1.769999999999999929e+01
4.268850804452054781e+00 4.956902701152360868e-01 1.905000000000000071e+01
2.067581384929270349e+00 2.956284161580885472e-01 1.794999999999999929e+01
4.643163210285583098e+00 -6.408120731959677796e-01 1.828999999999999915e+01
2.764330879438817501e+00 2.084846219849139648e-01 1.825600000000000023e+01
1.941916147001590875e+00 -5.730368465034666459e-01 1.828999999999999915e+01
1.181535166018466754e+00 8.782137017248271560e-01 1.824900000000000233e+01
4.029152848726759828e+00 -3.232871552663632575e-01 1.787000000000000099e+01
6.214087271141094604e+00 -1.279326417028520957e-01 1.812999999999999901e+01
2.627623210894677541e+00 6.231558024642571691e-01 1.812000000000000099e+01
3.267269632050459283e+00 -1.795051571313598382e-01 1.785000000000000142e+01
4.741639117500040967e+00 1.424168490042871105e-01 1.842999999999999972e+01
4.691693966465988908e+00 -5.295400295626241371e-01 1.860000000000000142e+01
4.566485516608745909e-01 4.120852484694476625e-01 1.805999999999999872e+01
4.987239305909045295e-01 3.585315669819539308e-01 1.858153464000000099e+01
